817893
677248
109779
728978
396510
585972
509535
044174
529031
800789
202826
160053
729362
101046
346843
948123
724346
579010
596131
977026
422884
353317
773809
784168
425287
209684
779276
728924
600725
388511
328206
507244
041679
855364
592156
586087
465592
165271
094960
238289
897562
839645
194873
087454
223875
402731
648826
023469
880887
511153
567144
294185
141572
349516
989142
881931
586327
985117
089410
547915
351812
492372
586407
755267
456242
483611
627688
604399
307212
482832
659886
818378
231166
152450
740702
186310
868123
599951
669233
125938
122485
849607
726134
569039
882183
372945
453310
106477
681987
145152
153949
732981
139375
070636
926311
523832
819868
287425
594819
294922
644748
816333
394499
028689
850661
052529
953144
120716
983319
561880
640356
524783
111036
782860
889332
323837
833431
284368
302564
978706
951273
648214
395839
489667
541643
930977
256244
802594
717107
448604
279708
449567
840342
815763
242132
857542
218036
497713
666356
105875
243741
394744
986001
202907
460833
354921
276123
514982
543437
067281
666275
017067
169711
825323
823677
807434
948751
978218
186036
009543
935706
060734
030122
139266
971655
449688
968516
003740
336579
919319
552871
187037
695723
454342
956603
979123
822743
992918
139495
804824
220768
430272
420773
419542
104858
213891
090370
033712
543568
197962
643607
913560
718120
848720
043203
455193
183299
948681
363845
257289
549198
363743
622901
169456
217491
694443
092329
318498
871742
259299
906997
448888
120335
124149
120826
188076
600774
124379
477338
958443
735002
533651
533752
109635
060531
140804
857418
790017
620108
064229
570772
105554
768299
755371
834582
856063
853302
107360
657629
702115
621235
958540
127260
222488
628398
012378
023175
876783
746534
417766
217038
675897
834261
228228
087845
944207
549262
237179
333490
136817
290261
670454
294170
115454
177123
021005
135334
610396
229011
602075
422138
961169
146085
483195
591022
541603
087292
710274
677610
695182
308452
164853
073479
487197
819787
372966
682905
218591
065762
034537
265644
456817
701226
405254
132998
500502
584730
314230
294285
825131
864268
517457
607053
039434
392828
996617
418785
349061
522277
611705
554594
451247
926039
941288
937535
904101
348503
631618
100505
012143
204186
743002
133017
378044
582662
946794
750032
374442
198892
098512
428924
505137
662828
579697
357500
940355
634608
530480
381622
484998
385415
703909
196407
371008
082666
401344
788053
481595
342607
298292
690559
624053
074953
106837
183108
280611
381348
997339
954933
907457
130007
887405
838647
901473
842813
326173
050402
583664
617193
928389
610294
826697
091255
337799
553889
606599
185999
784532
917853
858499
702923
175869
283633
590001
043483
151944
867568
457089
311013
387456
320275
479940
177456
421417
269588
177996
876155
873634
230975
227781
626670
995229
004319
630213
587854
874643
868906
600463
223970
239662
318497
844634
957078
286828
241850
816590
544382
169642
243470
813380
093012
727292
529337
711768
822330
747777
978607
229919
577178
725493
019315
303190
031625
771637
815929
418711
544035
611451
093761
824706
418324
033573
508229
925438
538900
530384
207036
306629
492714
693281
512865
836876
835333
903643
341674
937227
469746
910855
651497
047405
989490
545641
543912
566421
525407
633017
289599
670432
969237
861788
389109
253421
883315
134063
972510
432183
662185
352321
089228
322012
636590
781118
928153
299053
935202
199810
174630
291401
236329
563439
060330
728948
545906
387911
030935
555944
703502
761287
899883
246747
475656
